# camera_K: [[965.9169921875,0.0,1024.006591796875],[0.0,965.702392578125,773.09521484375],[0.0,0.0,1.0]]
camera_K: [[603.6981201171875,0.0,639.816650390625],[0.0,603.56396484375,362.9970397949219],[0.0,0.0,1.0]]
camera_h: 720
camera_w: 1280
max_depth: 3
factor: 1000
w: 1.0
verbose: false
threshold: 0.5

sensor_height: 1.3
base_height: 0.2
box_min_height: 0.3

